[Name]
Overlay - Labels - Yandex - Hybrid Map Editor

[URL via AnyGIS proxy]
https://anygis.ru/api/v1/Yandex_narod_layer_WGS84/{x}/{y}/{z}

[URL direct]
https://0{s}.core-nmaps-renderer-nmaps.maps.yandex.net/tile?x={x}&y={y}&z={z}&l=mpskl&sl=104,210342,210370,210416,211777,211818,2118180,211939,211977,211993,212015,212017,212019,212026,212032,212053,212081,212094,212216,300024,300026,300170,300198,300207,300224,300231,300270,300292,300330,300337,300344,300351,300358,300365,300372,300379,300386,300393,300400,300406,300407,300447,300468,300472,300523,300641,300651,300661,300671,300683,300931,300939,300954,300969,300993,301050,301084,301125,301135,301142,301338,301352,301360,301596,301701,302053,302080,302089,302090,302107,302526,5300026,5400046,5400051,5400060,5400076,700010001,700010157,70300160,70300190,70300482,70300608,70300627&token=

[Server parts]
1;2;3;4

[Min Zoom level]
0

[Max Zoom level]
19

[HTTP Referer]
https://n.maps.yandex.ru/

[Proection description]
Ellipsoid