[url_template]
https://01.core-nmaps-renderer-nmaps.maps.yandex.net/?x={1}&y={2}&z={0}&l=mpmap&sl=104,210342,210370,211777,211818,2118180,211939,211993,212015,212019,212026,212032,212081,212216,300024,300026,300198,300270,300292,300330,300337,300344,300351,300358,300365,300372,300379,300386,300393,300400,300406,300407,300468,300472,300523,300641,300651,300661,300683,300931,300939,300954,300969,300993,301050,301084,301125,301135,301155,301164,301183,301275,301383,301388,301494,301501,301520,301596,301676,301685,301700,301773,302053,302080,302089,302090,302107,302526,5300026,5400032,5400052,5400061,700010001,700010157,701302007,70300160,70300190,70300482,70300603,70300613,70300627&token=
[min_zoom]
0
[max_zoom]
19
[ellipsoid]
true
[tile_size]
256
[img_density]
16
[avg_img_size]
32000
[ext]
.png